     -3.00000000      8.01560977     -8.01560977
     -2.99000000      7.95582730     -7.95582730
     -2.98000000      7.89624621     -7.89624621
     -2.97000000      7.83686652     -7.83686652
     -2.96000000      7.77768826     -7.77768826
     -2.95000000      7.71871144     -7.71871144
     -2.94000000      7.65993610     -7.65993610
     -2.93000000      7.60136226     -7.60136226
     -2.92000000      7.54298993     -7.54298993
     -2.91000000      7.48481916     -7.48481916
     -2.90000000      7.42684995     -7.42684995
     -2.89000000      7.36908235     -7.36908235
     -2.88000000      7.31151637     -7.31151637
     -2.87000000      7.25415204     -7.25415204
     -2.86000000      7.19698940     -7.19698940
     -2.85000000      7.14002847     -7.14002847
     -2.84000000      7.08326928     -7.08326928
     -2.83000000      7.02671186     -7.02671186
     -2.82000000      6.97035624     -6.97035624
     -2.81000000      6.91420245     -6.91420245
     -2.80000000      6.85825053     -6.85825053
     -2.79000000      6.80250051     -6.80250051
     -2.78000000      6.74695242     -6.74695242
     -2.77000001      6.69160629     -6.69160629
     -2.76000001      6.63646217     -6.63646217
     -2.75000001      6.58152009     -6.58152009
     -2.74000001      6.52678008     -6.52678008
     -2.73000001      6.47224218     -6.47224218
     -2.72000001      6.41790643     -6.41790643
     -2.71000001      6.36377288     -6.36377288
     -2.70000001      6.30984156     -6.30984156
     -2.69000001      6.25611250     -6.25611250
     -2.68000001      6.20258577     -6.20258577
     -2.67000001      6.14926139     -6.14926139
     -2.66000001      6.09613942     -6.09613942
     -2.65000001      6.04321990     -6.04321990
     -2.64000001      5.99050287     -5.99050287
     -2.63000001      5.93798839     -5.93798839
     -2.62000001      5.88567650     -5.88567650
     -2.61000001      5.83356726     -5.83356726
     -2.60000001      5.78166071     -5.78166071
     -2.59000001      5.72995691     -5.72995691
     -2.58000001      5.67845591     -5.67845591
     -2.57000001      5.62715777     -5.62715777
     -2.56000001      5.57606255     -5.57606255
     -2.55000001      5.52517030     -5.52517030
     -2.54000001      5.47448108     -5.47448108
     -2.53000001      5.42399497     -5.42399497
     -2.52000001      5.37371201     -5.37371201
     -2.51000001      5.32363227     -5.32363227
     -2.50000001      5.27375583     -5.27375583
     -2.49000001      5.22408275     -5.22408275
     -2.48000001      5.17461310     -5.17461310
     -2.47000001      5.12534695     -5.12534695
     -2.46000001      5.07628439     -5.07628439
     -2.45000001      5.02742547     -5.02742547
     -2.44000001      4.97877029     -4.97877029
     -2.43000001      4.93031892     -4.93031892
     -2.42000001      4.88207144     -4.88207144
     -2.41000001      4.83402795     -4.83402795
     -2.40000001      4.78618853     -4.78618853
     -2.39000001      4.73855326     -4.73855326
     -2.38000001      4.69112225     -4.69112225
     -2.37000001      4.64389559     -4.64389559
     -2.36000001      4.59687337     -4.59687337
     -2.35000001      4.55005570     -4.55005570
     -2.34000001      4.50344268     -4.50344268
     -2.33000001      4.45703442     -4.45703442
     -2.32000002      4.41083103     -4.41083103
     -2.31000002      4.36483262     -4.36483262
     -2.30000002      4.31903932     -4.31903932
     -2.29000002      4.27345123     -4.27345123
     -2.28000002      4.22806849     -4.22806849
     -2.27000002      4.18289123     -4.18289123
     -2.26000002      4.13791957     -4.13791957
     -2.25000002      4.09315366     -4.09315366
     -2.24000002      4.04859363     -4.04859363
     -2.23000002      4.00423963     -4.00423963
     -2.22000002      3.96009181     -3.96009181
     -2.21000002      3.91615033     -3.91615033
     -2.20000002      3.87241535     -3.87241535
     -2.19000002      3.82888702     -3.82888702
     -2.18000002      3.78556553     -3.78556553
     -2.17000002      3.74245104     -3.74245104
     -2.16000002      3.69954375     -3.69954375
     -2.15000002      3.65684384     -3.65684384
     -2.14000002      3.61435150     -3.61435150
     -2.13000002      3.57206694     -3.57206694
     -2.12000002      3.52999036     -3.52999036
     -2.11000002      3.48812199     -3.48812199
     -2.10000002      3.44646204     -3.44646204
     -2.09000002      3.40501075     -3.40501075
     -2.08000002      3.36376835     -3.36376835
     -2.07000002      3.32273510     -3.32273510
     -2.06000002      3.28191126     -3.28191126
     -2.05000002      3.24129709     -3.24129709
     -2.04000002      3.20089286     -3.20089286
     -2.03000002      3.16069887     -3.16069887
     -2.02000002      3.12071542     -3.12071542
     -2.01000002      3.08094280     -3.08094280
     -2.00000002      3.04138135     -3.04138135
     -1.99000002      3.00203140     -3.00203140
     -1.98000002      2.96289330     -2.96289330
     -1.97000002      2.92396740     -2.92396740
     -1.96000002      2.88525408     -2.88525408
     -1.95000002      2.84675372     -2.84675372
     -1.94000002      2.80846675     -2.80846675
     -1.93000002      2.77039357     -2.77039357
     -1.92000002      2.73253462     -2.73253462
     -1.91000002      2.69489037     -2.69489037
     -1.90000002      2.65746129     -2.65746129
     -1.89000002      2.62024787     -2.62024787
     -1.88000003      2.58325063     -2.58325063
     -1.87000003      2.54647012     -2.54647012
     -1.86000003      2.50990690     -2.50990690
     -1.85000003      2.47356154     -2.47356154
     -1.84000003      2.43743468     -2.43743468
     -1.83000003      2.40152694     -2.40152694
     -1.82000003      2.36583901     -2.36583901
     -1.81000003      2.33037157     -2.33037157
     -1.80000003      2.29512536     -2.29512536
     -1.79000003      2.26010116     -2.26010116
     -1.78000003      2.22529975     -2.22529975
     -1.77000003      2.19072199     -2.19072199
     -1.76000003      2.15636875     -2.15636875
     -1.75000003      2.12224095     -2.12224095
     -1.74000003      2.08833957     -2.08833957
     -1.73000003      2.05466562     -2.05466562
     -1.72000003      2.02122016     -2.02122016
     -1.71000003      1.98800432     -1.98800432
     -1.70000003      1.95501928     -1.95501928
     -1.69000003      1.92226626     -1.92226626
     -1.68000003      1.88974658     -1.88974658
     -1.67000003      1.85746159     -1.85746159
     -1.66000003      1.82541275     -1.82541275
     -1.65000003      1.79360157     -1.79360157
     -1.64000003      1.76202965     -1.76202965
     -1.63000003      1.73069869     -1.73069869
     -1.62000003      1.69961045     -1.69961045
     -1.61000003      1.66876683     -1.66876683
     -1.60000003      1.63816981     -1.63816981
     -1.59000003      1.60782148     -1.60782148
     -1.58000003      1.57772408     -1.57772408
     -1.57000003      1.54787994     -1.54787994
     -1.56000003      1.51829156     -1.51829156
     -1.55000003      1.48896156     -1.48896156
     -1.54000003      1.45989275     -1.45989275
     -1.53000003      1.43108808     -1.43108808
     -1.52000003      1.40255068     -1.40255068
     -1.51000003      1.37428391     -1.37428391
     -1.50000003      1.34629130     -1.34629130
     -1.49000003      1.31857660     -1.31857660
     -1.48000003      1.29114383     -1.29114383
     -1.47000003      1.26399725     -1.26399725
     -1.46000003      1.23714138     -1.23714138
     -1.45000003      1.21058105     -1.21058105
     -1.44000003      1.18432140     -1.18432140
     -1.43000004      1.15836791     -1.15836791
     -1.42000004      1.13272643     -1.13272643
     -1.41000004      1.10740318     -1.10740318
     -1.40000004      1.08240482     -1.08240482
     -1.39000004      1.05773843     -1.05773843
     -1.38000004      1.03341160     -1.03341160
     -1.37000004      1.00943241     -1.00943241
     -1.36000004      0.98580948     -0.98580948
     -1.35000004      0.96255203     -0.96255203
     -1.34000004      0.93966990     -0.93966990
     -1.33000004      0.91717357     -0.91717357
     -1.32000004      0.89507425     -0.89507425
     -1.31000004      0.87338385     -0.87338385
     -1.30000004      0.85211510     -0.85211510
     -1.29000004      0.83128151     -0.83128151
     -1.28000004      0.81089746     -0.81089746
     -1.27000004      0.79097821     -0.79097821
     -1.26000004      0.77153994     -0.77153994
     -1.25000004      0.75259973     -0.75259973
     -1.24000004      0.73417564     -0.73417564
     -1.23000004      0.71628661     -0.71628661
     -1.22000004      0.69895254     -0.69895254
     -1.21000004      0.68219418     -0.68219418
     -1.20000004      0.66603310     -0.66603310
     -1.19000004      0.65049158     -0.65049158
     -1.18000004      0.63559251     -0.63559251
     -1.17000004      0.62135922     -0.62135922
     -1.16000004      0.60781529     -0.60781529
     -1.15000004      0.59498430     -0.59498430
     -1.14000004      0.58288954     -0.58288954
     -1.13000004      0.57155373     -0.57155373
     -1.12000004      0.56099858     -0.56099858
     -1.11000004      0.55124446     -0.55124446
     -1.10000004      0.54230991     -0.54230991
     -1.09000004      0.53421124     -0.53421124
     -1.08000004      0.52696204     -0.52696204
     -1.07000004      0.52057280     -0.52057280
     -1.06000004      0.51505047     -0.51505047
     -1.05000004      0.51039815     -0.51039815
     -1.04000004      0.50661482     -0.50661482
     -1.03000004      0.50369517     -0.50369517
     -1.02000004      0.50162951     -0.50162951
     -1.01000004      0.50040385     -0.50040385
     -1.00000004      0.50000000     -0.50000000
     -0.99000004      0.50039585     -0.50039585
     -0.98000005      0.50156570     -0.50156570
     -0.97000005      0.50348068     -0.50348068
     -0.96000005      0.50610922     -0.50610922
     -0.95000005      0.50941754     -0.50941754
     -0.94000005      0.51337018     -0.51337018
     -0.93000005      0.51793048     -0.51793048
     -0.92000005      0.52306112     -0.52306112
     -0.91000005      0.52872448     -0.52872448
     -0.90000005      0.53488313     -0.53488313
     -0.89000005      0.54150012     -0.54150012
     -0.88000005      0.54853926     -0.54853926
     -0.87000005      0.55596544     -0.55596544
     -0.86000005      0.56374473     -0.56374473
     -0.85000005      0.57184456     -0.57184456
     -0.84000005      0.58023384     -0.58023384
     -0.83000005      0.58888298     -0.58888298
     -0.82000005      0.59776392     -0.59776392
     -0.81000005      0.60685019     -0.60685019
     -0.80000005      0.61611683     -0.61611683
     -0.79000005      0.62554037     -0.62554037
     -0.78000005      0.63509881     -0.63509881
     -0.77000005      0.64477155     -0.64477155
     -0.76000005      0.65453930     -0.65453930
     -0.75000005      0.66438406     -0.66438406
     -0.74000005      0.67428903     -0.67428903
     -0.73000005      0.68423851     -0.68423851
     -0.72000005      0.69421790     -0.69421790
     -0.71000005      0.70421356     -0.70421356
     -0.70000005      0.71421280     -0.71421280
     -0.69000005      0.72420379     -0.72420379
     -0.68000005      0.73417551     -0.73417551
     -0.67000005      0.74411769     -0.74411769
     -0.66000005      0.75402074     -0.75402074
     -0.65000005      0.76387576     -0.76387576
     -0.64000005      0.77367440     -0.77367440
     -0.63000005      0.78340892     -0.78340892
     -0.62000005      0.79307205     -0.79307205
     -0.61000005      0.80265704     -0.80265704
     -0.60000005      0.81215757     -0.81215757
     -0.59000005      0.82156773     -0.82156773
     -0.58000005      0.83088199     -0.83088199
     -0.57000005      0.84009519     -0.84009519
     -0.56000005      0.84920249     -0.84920249
     -0.55000005      0.85819937     -0.85819937
     -0.54000005      0.86708159     -0.86708159
     -0.53000006      0.87584515     -0.87584515
     -0.52000006      0.88448633     -0.88448633
     -0.51000006      0.89300164     -0.89300164
     -0.50000006      0.90138777     -0.90138777
     -0.49000006      0.90964165     -0.90964165
     -0.48000006      0.91776036     -0.91776036
     -0.47000006      0.92574118     -0.92574118
     -0.46000006      0.93358153     -0.93358153
     -0.45000006      0.94127901     -0.94127901
     -0.44000006      0.94883132     -0.94883132
     -0.43000006      0.95623634     -0.95623634
     -0.42000006      0.96349202     -0.96349202
     -0.41000006      0.97059648     -0.97059648
     -0.40000006      0.97754791     -0.97754791
     -0.39000006      0.98434462     -0.98434462
     -0.38000006      0.99098501     -0.99098501
     -0.37000006      0.99746756     -0.99746756
     -0.36000006      1.00379086     -1.00379086
     -0.35000006      1.00995355     -1.00995355
     -0.34000006      1.01595437     -1.01595437
     -0.33000006      1.02179212     -1.02179212
     -0.32000006      1.02746566     -1.02746566
     -0.31000006      1.03297393     -1.03297393
     -0.30000006      1.03831591     -1.03831591
     -0.29000006      1.04349065     -1.04349065
     -0.28000006      1.04849726     -1.04849726
     -0.27000006      1.05333487     -1.05333487
     -0.26000006      1.05800269     -1.05800269
     -0.25000006      1.06249997     -1.06249997
     -0.24000006      1.06682600     -1.06682600
     -0.23000006      1.07098009     -1.07098009
     -0.22000006      1.07496163     -1.07496163
     -0.21000006      1.07877002     -1.07877002
     -0.20000006      1.08240471     -1.08240471
     -0.19000006      1.08586517     -1.08586517
     -0.18000006      1.08915092     -1.08915092
     -0.17000006      1.09226149     -1.09226149
     -0.16000006      1.09519648     -1.09519648
     -0.15000006      1.09795547     -1.09795547
     -0.14000006      1.10053811     -1.10053811
     -0.13000006      1.10294405     -1.10294405
     -0.12000006      1.10517299     -1.10517299
     -0.11000006      1.10722463     -1.10722463
     -0.10000006      1.10909872     -1.10909872
     -0.09000007      1.11079502     -1.11079502
     -0.08000007      1.11231333     -1.11231333
     -0.07000007      1.11365344     -1.11365344
     -0.06000007      1.11481521     -1.11481521
     -0.05000007      1.11579848     -1.11579848
     -0.04000007      1.11660313     -1.11660313
     -0.03000007      1.11722907     -1.11722907
     -0.02000007      1.11767623     -1.11767623
     -0.01000007      1.11794455     -1.11794455
     -0.00000007      1.11803399     -1.11803399
      0.00999993      1.11794455     -1.11794455
      0.01999993      1.11767623     -1.11767623
      0.02999993      1.11722908     -1.11722908
      0.03999993      1.11660314     -1.11660314
      0.04999993      1.11579849     -1.11579849
      0.05999993      1.11481522     -1.11481522
      0.06999993      1.11365346     -1.11365346
      0.07999993      1.11231335     -1.11231335
      0.08999993      1.11079505     -1.11079505
      0.09999993      1.10909875     -1.10909875
      0.10999993      1.10722466     -1.10722466
      0.11999993      1.10517301     -1.10517301
      0.12999993      1.10294408     -1.10294408
      0.13999993      1.10053814     -1.10053814
      0.14999993      1.09795551     -1.09795551
      0.15999993      1.09519651     -1.09519651
      0.16999993      1.09226153     -1.09226153
      0.17999993      1.08915096     -1.08915096
      0.18999993      1.08586521     -1.08586521
      0.19999993      1.08240476     -1.08240476
      0.20999993      1.07877007     -1.07877007
      0.21999993      1.07496168     -1.07496168
      0.22999993      1.07098015     -1.07098015
      0.23999993      1.06682605     -1.06682605
      0.24999993      1.06250003     -1.06250003
      0.25999993      1.05800276     -1.05800276
      0.26999993      1.05333493     -1.05333493
      0.27999993      1.04849732     -1.04849732
      0.28999993      1.04349072     -1.04349072
      0.29999993      1.03831598     -1.03831598
      0.30999993      1.03297400     -1.03297400
      0.31999993      1.02746574     -1.02746574
      0.32999993      1.02179220     -1.02179220
      0.33999993      1.01595445     -1.01595445
      0.34999993      1.00995363     -1.00995363
      0.35999992      1.00379094     -1.00379094
      0.36999992      0.99746765     -0.99746765
      0.37999992      0.99098509     -0.99098509
      0.38999992      0.98434471     -0.98434471
      0.39999992      0.97754801     -0.97754801
      0.40999992      0.97059658     -0.97059658
      0.41999992      0.96349212     -0.96349212
      0.42999992      0.95623643     -0.95623643
      0.43999992      0.94883142     -0.94883142
      0.44999992      0.94127911     -0.94127911
      0.45999992      0.93358164     -0.93358164
      0.46999992      0.92574128     -0.92574128
      0.47999992      0.91776047     -0.91776047
      0.48999992      0.90964176     -0.90964176
      0.49999992      0.90138788     -0.90138788
      0.50999992      0.89300175     -0.89300175
      0.51999992      0.88448645     -0.88448645
      0.52999992      0.87584527     -0.87584527
      0.53999992      0.86708170     -0.86708170
      0.54999992      0.85819949     -0.85819949
      0.55999992      0.84920262     -0.84920262
      0.56999992      0.84009531     -0.84009531
      0.57999992      0.83088211     -0.83088211
      0.58999992      0.82156785     -0.82156785
      0.59999992      0.81215770     -0.81215770
      0.60999992      0.80265717     -0.80265717
      0.61999992      0.79307218     -0.79307218
      0.62999992      0.78340905     -0.78340905
      0.63999992      0.77367453     -0.77367453
      0.64999992      0.76387589     -0.76387589
      0.65999992      0.75402088     -0.75402088
      0.66999992      0.74411782     -0.74411782
      0.67999992      0.73417565     -0.73417565
      0.68999992      0.72420393     -0.72420393
      0.69999992      0.71421294     -0.71421294
      0.70999992      0.70421369     -0.70421369
      0.71999992      0.69421803     -0.69421803
      0.72999992      0.68423865     -0.68423865
      0.73999992      0.67428916     -0.67428916
      0.74999992      0.66438420     -0.66438420
      0.75999992      0.65453943     -0.65453943
      0.76999992      0.64477168     -0.64477168
      0.77999992      0.63509894     -0.63509894
      0.78999992      0.62554049     -0.62554049
      0.79999992      0.61611695     -0.61611695
      0.80999991      0.60685032     -0.60685032
      0.81999991      0.59776404     -0.59776404
      0.82999991      0.58888309     -0.58888309
      0.83999991      0.58023396     -0.58023396
      0.84999991      0.57184467     -0.57184467
      0.85999991      0.56374483     -0.56374483
      0.86999991      0.55596554     -0.55596554
      0.87999991      0.54853936     -0.54853936
      0.88999991      0.54150021     -0.54150021
      0.89999991      0.53488322     -0.53488322
      0.90999991      0.52872456     -0.52872456
      0.91999991      0.52306119     -0.52306119
      0.92999991      0.51793055     -0.51793055
      0.93999991      0.51337024     -0.51337024
      0.94999991      0.50941759     -0.50941759
      0.95999991      0.50610926     -0.50610926
      0.96999991      0.50348071     -0.50348071
      0.97999991      0.50156572     -0.50156572
      0.98999991      0.50039586     -0.50039586
      0.99999991      0.50000000     -0.50000000
      1.00999991      0.50040384     -0.50040384
      1.01999991      0.50162949     -0.50162949
      1.02999991      0.50369513     -0.50369513
      1.03999991      0.50661477     -0.50661477
      1.04999991      0.51039809     -0.51039809
      1.05999991      0.51505040     -0.51505040
      1.06999991      0.52057272     -0.52057272
      1.07999991      0.52696195     -0.52696195
      1.08999991      0.53421113     -0.53421113
      1.09999991      0.54230980     -0.54230980
      1.10999991      0.55124433     -0.55124433
      1.11999991      0.56099844     -0.56099844
      1.12999991      0.57155358     -0.57155358
      1.13999991      0.58288938     -0.58288938
      1.14999991      0.59498413     -0.59498413
      1.15999991      0.60781511     -0.60781511
      1.16999991      0.62135903     -0.62135903
      1.17999991      0.63559231     -0.63559231
      1.18999991      0.65049137     -0.65049137
      1.19999991      0.66603288     -0.66603288
      1.20999991      0.68219396     -0.68219396
      1.21999991      0.69895231     -0.69895231
      1.22999991      0.71628638     -0.71628638
      1.23999991      0.73417539     -0.73417539
      1.24999991      0.75259948     -0.75259948
      1.25999990      0.77153968     -0.77153968
      1.26999990      0.79097795     -0.79097795
      1.27999990      0.81089719     -0.81089719
      1.28999990      0.83128123     -0.83128123
      1.29999990      0.85211481     -0.85211481
      1.30999990      0.87338356     -0.87338356
      1.31999990      0.89507395     -0.89507395
      1.32999990      0.91717327     -0.91717327
      1.33999990      0.93966959     -0.93966959
      1.34999990      0.96255172     -0.96255172
      1.35999990      0.98580916     -0.98580916
      1.36999990      1.00943209     -1.00943209
      1.37999990      1.03341128     -1.03341128
      1.38999990      1.05773811     -1.05773811
      1.39999990      1.08240449     -1.08240449
      1.40999990      1.10740284     -1.10740284
      1.41999990      1.13272609     -1.13272609
      1.42999990      1.15836757     -1.15836757
      1.43999990      1.18432105     -1.18432105
      1.44999990      1.21058069     -1.21058069
      1.45999990      1.23714102     -1.23714102
      1.46999990      1.26399689     -1.26399689
      1.47999990      1.29114347     -1.29114347
      1.48999990      1.31857623     -1.31857623
      1.49999990      1.34629092     -1.34629092
      1.50999990      1.37428353     -1.37428353
      1.51999990      1.40255030     -1.40255030
      1.52999990      1.43108769     -1.43108769
      1.53999990      1.45989236     -1.45989236
      1.54999990      1.48896117     -1.48896117
      1.55999990      1.51829116     -1.51829116
      1.56999990      1.54787954     -1.54787954
      1.57999990      1.57772367     -1.57772367
      1.58999990      1.60782108     -1.60782108
      1.59999990      1.63816940     -1.63816940
      1.60999990      1.66876642     -1.66876642
      1.61999990      1.69961004     -1.69961004
      1.62999990      1.73069827     -1.73069827
      1.63999990      1.76202923     -1.76202923
      1.64999990      1.79360115     -1.79360115
      1.65999990      1.82541232     -1.82541232
      1.66999990      1.85746116     -1.85746116
      1.67999990      1.88974614     -1.88974614
      1.68999990      1.92226582     -1.92226582
      1.69999989      1.95501884     -1.95501884
      1.70999989      1.98800388     -1.98800388
      1.71999989      2.02121972     -2.02121972
      1.72999989      2.05466517     -2.05466517
      1.73999989      2.08833912     -2.08833912
      1.74999989      2.12224049     -2.12224049
      1.75999989      2.15636829     -2.15636829
      1.76999989      2.19072152     -2.19072152
      1.77999989      2.22529929     -2.22529929
      1.78999989      2.26010069     -2.26010069
      1.79999989      2.29512489     -2.29512489
      1.80999989      2.33037109     -2.33037109
      1.81999989      2.36583853     -2.36583853
      1.82999989      2.40152646     -2.40152646
      1.83999989      2.43743420     -2.43743420
      1.84999989      2.47356106     -2.47356106
      1.85999989      2.50990641     -2.50990641
      1.86999989      2.54646963     -2.54646963
      1.87999989      2.58325014     -2.58325014
      1.88999989      2.62024737     -2.62024737
      1.89999989      2.65746079     -2.65746079
      1.90999989      2.69488987     -2.69488987
      1.91999989      2.73253412     -2.73253412
      1.92999989      2.77039306     -2.77039306
      1.93999989      2.80846623     -2.80846623
      1.94999989      2.84675321     -2.84675321
      1.95999989      2.88525356     -2.88525356
      1.96999989      2.92396688     -2.92396688
      1.97999989      2.96289277     -2.96289277
      1.98999989      3.00203088     -3.00203088
      1.99999989      3.04138082     -3.04138082
      2.00999989      3.08094227     -3.08094227
      2.01999989      3.12071488     -3.12071488
      2.02999989      3.16069833     -3.16069833
      2.03999989      3.20089232     -3.20089232
      2.04999989      3.24129654     -3.24129654
      2.05999989      3.28191071     -3.28191071
      2.06999989      3.32273456     -3.32273456
      2.07999989      3.36376780     -3.36376780
      2.08999989      3.40501019     -3.40501019
      2.09999989      3.44646148     -3.44646148
      2.10999989      3.48812143     -3.48812143
      2.11999989      3.52998980     -3.52998980
      2.12999989      3.57206637     -3.57206637
      2.13999989      3.61435093     -3.61435093
      2.14999988      3.65684326     -3.65684326
      2.15999988      3.69954318     -3.69954318
      2.16999988      3.74245047     -3.74245047
      2.17999988      3.78556495     -3.78556495
      2.18999988      3.82888644     -3.82888644
      2.19999988      3.87241476     -3.87241476
      2.20999988      3.91614974     -3.91614974
      2.21999988      3.96009122     -3.96009122
      2.22999988      4.00423904     -4.00423904
      2.23999988      4.04859303     -4.04859303
      2.24999988      4.09315306     -4.09315306
      2.25999988      4.13791897     -4.13791897
      2.26999988      4.18289062     -4.18289062
      2.27999988      4.22806789     -4.22806789
      2.28999988      4.27345062     -4.27345062
      2.29999988      4.31903870     -4.31903870
      2.30999988      4.36483201     -4.36483201
      2.31999988      4.41083041     -4.41083041
      2.32999988      4.45703380     -4.45703380
      2.33999988      4.50344206     -4.50344206
      2.34999988      4.55005507     -4.55005507
      2.35999988      4.59687274     -4.59687274
      2.36999988      4.64389496     -4.64389496
      2.37999988      4.69112162     -4.69112162
      2.38999988      4.73855263     -4.73855263
      2.39999988      4.78618789     -4.78618789
      2.40999988      4.83402731     -4.83402731
      2.41999988      4.88207080     -4.88207080
      2.42999988      4.93031827     -4.93031827
      2.43999988      4.97876964     -4.97876964
      2.44999988      5.02742482     -5.02742482
      2.45999988      5.07628373     -5.07628373
      2.46999988      5.12534630     -5.12534630
      2.47999988      5.17461244     -5.17461244
      2.48999988      5.22408209     -5.22408209
      2.49999988      5.27375517     -5.27375517
      2.50999988      5.32363160     -5.32363160
      2.51999988      5.37371133     -5.37371133
      2.52999988      5.42399429     -5.42399429
      2.53999988      5.47448040     -5.47448040
      2.54999988      5.52516962     -5.52516962
      2.55999988      5.57606186     -5.57606186
      2.56999988      5.62715708     -5.62715708
      2.57999988      5.67845522     -5.67845522
      2.58999988      5.72995621     -5.72995621
      2.59999987      5.78166001     -5.78166001
      2.60999987      5.83356656     -5.83356656
      2.61999987      5.88567580     -5.88567580
      2.62999987      5.93798769     -5.93798769
      2.63999987      5.99050217     -5.99050217
      2.64999987      6.04321919     -6.04321919
      2.65999987      6.09613871     -6.09613871
      2.66999987      6.14926068     -6.14926068
      2.67999987      6.20258505     -6.20258505
      2.68999987      6.25611179     -6.25611179
      2.69999987      6.30984083     -6.30984083
      2.70999987      6.36377215     -6.36377215
      2.71999987      6.41790571     -6.41790571
      2.72999987      6.47224145     -6.47224145
      2.73999987      6.52677934     -6.52677934
      2.74999987      6.58151935     -6.58151935
      2.75999987      6.63646143     -6.63646143
      2.76999987      6.69160555     -6.69160555
      2.77999987      6.74695167     -6.74695167
      2.78999987      6.80249976     -6.80249976
      2.79999987      6.85824978     -6.85824978
      2.80999987      6.91420170     -6.91420170
      2.81999987      6.97035548     -6.97035548
      2.82999987      7.02671110     -7.02671110
      2.83999987      7.08326852     -7.08326852
      2.84999987      7.14002771     -7.14002771
      2.85999987      7.19698863     -7.19698863
      2.86999987      7.25415127     -7.25415127
      2.87999987      7.31151560     -7.31151560
      2.88999987      7.36908157     -7.36908157
      2.89999987      7.42684917     -7.42684917
      2.90999987      7.48481838     -7.48481838
      2.91999987      7.54298915     -7.54298915
      2.92999987      7.60136147     -7.60136147
      2.93999987      7.65993531     -7.65993531
      2.94999987      7.71871065     -7.71871065
      2.95999987      7.77768747     -7.77768747
      2.96999987      7.83686573     -7.83686573
      2.97999987      7.89624541     -7.89624541
      2.98999987      7.95582650     -7.95582650
      2.99999987      8.01560897     -8.01560897
